<?xml version="1.0"?>
<opencv_storage>
<calibration_time>"Sun Dec 13 16:56:01 2020"</calibration_time>
<nr_of_frames>25</nr_of_frames>
<image_width>640</image_width>
<image_height>480</image_height>
<board_width>4</board_width>
<board_height>3</board_height>
<square_size>21.</square_size>
<fix_aspect_ratio>1.</fix_aspect_ratio>
<!-- flags: +fix_aspectRatio +fix_principal_point +fix_k4 +fix_k5 -->
<flags>6150</flags>
<fisheye_model>0</fisheye_model>
<camera_matrix type_id="opencv-matrix">
  <rows>3</rows>
  <cols>3</cols>
  <dt>d</dt>
  <data>
    9.5662515132565636e+02 0. 3.1950000000000000e+02 0.
    9.5662515132565636e+02 2.3950000000000000e+02 0. 0. 1.</data></camera_matrix>
<distortion_coefficients type_id="opencv-matrix">
  <rows>5</rows>
  <cols>1</cols>
  <dt>d</dt>
  <data>
    -2.9179411035366126e-01 1.1495407239929561e+01
    -1.6528298967153167e-02 2.0490249665801520e-02
    -8.4352815111412283e+01</data></distortion_coefficients>
<avg_reprojection_error>1.0798477439964924e+00</avg_reprojection_error>
<per_view_reprojection_errors type_id="opencv-matrix">
  <rows>25</rows>
  <cols>1</cols>
  <dt>f</dt>
  <data>
    2.65362918e-01 3.92808378e-01 9.20194268e-01 2.33316675e-01
    3.56884748e-01 2.84379274e-01 4.77322727e-01 3.76395285e-01
    5.91922820e-01 2.96811163e-01 6.88344181e-01 6.21240973e-01
    5.64793110e-01 1.99395791e-01 1.19837070e+00 3.72685522e-01
    5.34962118e-01 7.45726228e-01 2.26849151e+00 5.58860064e-01
    5.72775841e-01 1.60845816e-01 4.19042677e-01 3.52791697e-01
    4.15469408e+00</data></per_view_reprojection_errors>
<!-- a set of 6-tuples (rotation vector + translation vector) for each view -->
<extrinsic_parameters type_id="opencv-matrix">
  <rows>25</rows>
  <cols>6</cols>
  <dt>d</dt>
  <data>
    9.7766894210454518e-03 -5.4314723423661518e-02
    -5.1680637427927154e-02 -2.1568723046978324e+01
    -1.5728660134322114e+01 2.4626544519565260e+02
    -1.4796716132552437e-02 -4.2936992176936001e-02
    -5.1961055108819369e-02 -2.1295255744542168e+01
    -1.6436822776604057e+01 2.4973092324076532e+02
    4.1200834365052584e-02 -1.6109327961972347e-01
    1.0243143437653555e-01 -2.2873729597820923e+01
    -3.8955746417640526e+01 2.5454776043390618e+02
    2.1125581721977846e-01 -1.9101564395817094e-01
    2.1664539078400780e-01 -2.8646939993795119e+01
    -3.4085755584354047e+01 2.6355587558611097e+02
    1.5660384489611218e-01 -2.0028881989989172e-01
    3.3946227853612881e-01 -3.2935973962456515e+01
    -3.7355903222213435e+01 2.6482254619164740e+02
    1.8052551187179786e-01 -1.5627815448344953e-01
    4.6549074590874534e-01 -3.1937877699493924e+01
    -3.3880539950982985e+01 2.6608647748090857e+02
    2.4827377065332654e-01 -1.1080600401010306e-01
    6.0534958248209725e-01 -2.9721544126001248e+01
    -3.4400099310093516e+01 2.7048762271659689e+02
    2.8997777801730423e-01 -1.5582697214110233e-01
    7.6428866171909826e-01 -1.7743498843540955e+01
    -4.2172616789938466e+01 2.7502179805381604e+02
    1.9531699485255144e-01 -2.2094456663007461e-01
    1.0003996351053013e+00 -7.5132905314566782e+00
    -5.3572861199188260e+01 2.8274588535806248e+02
    1.4870090261887611e-01 -1.8143384846378691e-01
    1.0780272984724624e+00 -6.8104816981901397e+00
    -5.3225110852380638e+01 2.8414312076073537e+02
    1.6916754580381357e-01 -1.4824945681882257e-01
    1.2351551002557883e+00 -3.0675640696361279e+00
    -5.2320855288345513e+01 2.9031631483198043e+02
    2.5745042321476513e-01 -5.2702937316751138e-02
    1.4100038111346929e+00 1.7575875706949429e+00
    -5.2927030029254723e+01 2.8675738291721080e+02
    2.1957331841887831e-01 -1.0079209912858114e-01
    1.4620287150425431e+00 6.6751695597300241e+01
    -6.2331154115366282e+01 3.0110940564474868e+02
    2.7406294014792182e-01 -1.2634190222457825e-01
    1.4475051643105128e+00 6.4537747661773949e+01
    -5.5576416120167778e+01 3.1840994186991162e+02
    2.4597721880954199e-01 -1.7817280870544325e-01
    1.4975998233345598e+00 6.1319597526215077e+01
    -3.1456514683663119e+01 3.4262118596982782e+02
    4.0046581774446061e-01 -5.6670680292284281e-02
    1.7273267331144231e+00 4.9727403135417617e+01
    -2.6564886604391084e+01 3.6261746543034735e+02
    3.3972302291454530e-02 1.4669537895850885e-02 1.6084939468687607e+00
    4.9606560473673142e+01 -6.3617076376981734e+00
    3.4931962284958456e+02 1.1014951854720878e-01
    -1.4058404045524822e-01 1.7064955005096649e+00
    5.2135549545408630e+01 -1.6519442318401801e+01
    3.5552276536002717e+02 -4.4205800874966554e-02
    -2.3161187942775330e-01 2.0655856116712803e+00
    1.2186241956949534e+01 2.1307625747107797e+00 3.7582621800194090e+02
    -5.9037922021550761e-02 -2.4866154691591513e-01
    2.2357901112442939e+00 -1.3042936724722535e+01
    8.0898613993658213e+00 3.6474828277633640e+02
    -2.6753444954112071e-01 -1.2095627773023267e-01
    2.4246402030909953e+00 -2.1555691782225693e+01
    -1.8244314391096346e+01 3.4950585162917372e+02
    -3.4758678815552874e-01 -2.7793190754071723e-01
    2.4016645655102069e+00 -1.6413272808774899e+01
    -6.8113754260849984e+00 3.4910365170762265e+02
    -2.2915705849186507e-01 -3.4978049829721253e-01
    2.4659740096386393e+00 -1.8959244510422202e+01
    -7.1800096846946024e+00 3.5692311263574226e+02
    -9.4927732109952201e-02 -4.1716985950181956e-01
    2.6487975950533111e+00 -2.6087334354170125e+01
    -2.5141383574919420e+01 3.6722805160259435e+02
    2.0913915642932010e-01 7.1440919188516500e-02 2.9219620717480841e+00
    -2.2614855313751733e+01 -2.2806725822906689e+01
    3.6236448024127145e+02</data></extrinsic_parameters>
