<?xml version="1.0"?>
<opencv_storage>
<calibration_time>"Wed Dec  2 12:57:15 2020"</calibration_time>
<nr_of_frames>25</nr_of_frames>
<image_width>640</image_width>
<image_height>480</image_height>
<board_width>7</board_width>
<board_height>6</board_height>
<square_size>22.</square_size>
<fix_aspect_ratio>1.</fix_aspect_ratio>
<!-- flags: +fix_aspectRatio +fix_principal_point +fix_k4 +fix_k5 -->
<flags>6150</flags>
<fisheye_model>0</fisheye_model>
<camera_matrix type_id="opencv-matrix">
  <rows>3</rows>
  <cols>3</cols>
  <dt>d</dt>
  <data>
    8.5883091586835417e+02 0. 3.1950000000000000e+02 0.
    8.5883091586835417e+02 2.3950000000000000e+02 0. 0. 1.</data></camera_matrix>
<distortion_coefficients type_id="opencv-matrix">
  <rows>5</rows>
  <cols>1</cols>
  <dt>d</dt>
  <data>
    4.3249017947804064e-01 -5.1831867771636988e+00
    -1.0675792921489408e-03 1.9074649282003298e-02
    3.0062196055184657e+01</data></distortion_coefficients>
<avg_reprojection_error>1.3227793040526208e+00</avg_reprojection_error>
<per_view_reprojection_errors type_id="opencv-matrix">
  <rows>25</rows>
  <cols>1</cols>
  <dt>f</dt>
  <data>
    6.18498325e-01 5.97046256e-01 1.37274849e+00 3.04896498e+00
    1.89538014e+00 2.88630217e-01 4.45421934e-01 4.65671599e-01
    6.38020635e-01 2.03280473e+00 1.54542494e+00 8.87761116e-01
    9.25155938e-01 5.55068076e-01 3.77810788e+00 5.64676464e-01
    4.39602613e-01 4.39769894e-01 4.65638518e-01 4.41229552e-01
    9.62928891e-01 1.27419662e+00 6.65764570e-01 4.49428141e-01
    5.15740812e-01</data></per_view_reprojection_errors>
<!-- a set of 6-tuples (rotation vector + translation vector) for each view -->
<extrinsic_parameters type_id="opencv-matrix">
  <rows>25</rows>
  <cols>6</cols>
  <dt>d</dt>
  <data>
    -1.5627136670611277e-01 2.3812208426474837e-01
    3.0509620715377461e+00 8.7334495275961615e+01 4.0407897829878607e+01
    3.3740977346608724e+02 -1.7505931448370524e-01
    2.5791151370908094e-01 3.0484905109573925e+00 8.6317501197114240e+01
    4.0455079701676219e+01 3.3735350664098803e+02
    -1.3783251760010554e-01 1.5147761547256983e-01
    2.6833503837515260e+00 5.3989842564372140e+01 2.4057886055127582e+01
    3.3048256302699082e+02 -1.4183042107835170e-01
    1.4854890567748963e-01 2.7507148485069202e+00 7.5892105114554241e+01
    1.0102054644426127e+01 3.3364919960115179e+02
    -7.5336317283799137e-02 -1.2994774807041301e-01
    2.4865838690896238e+00 1.2649060212080320e+02 5.0325643962342843e+00
    4.0596436307606439e+02 -3.9690005246692792e-02
    -1.3650479388996611e-01 2.5358714962639204e+00
    1.2038398149280924e+02 1.0237058804548298e+01 4.0224673218362273e+02
    -5.1716983024314926e-02 -3.3897873027620884e-01
    2.2268468607543084e+00 1.0501515306584237e+02
    -3.3126850654666171e+00 3.8605678860362053e+02
    -6.2003311098837458e-02 -3.5339107772746620e-01
    2.2151785183176464e+00 1.0183248799722310e+02
    -9.4287856942019186e+00 3.8083462094402563e+02
    -6.1004751732801926e-02 -3.9599466500145908e-01
    2.1630379852326809e+00 9.8057679495262107e+01
    -1.0598006735578032e+01 3.7567366478307190e+02
    -5.5319263458491509e-02 -4.7051257288636372e-01
    2.0168621614354478e+00 8.6628787217446316e+01
    -2.2238467662301286e+01 3.5973441473044090e+02
    -3.2858250496150182e-02 -5.4926982129882396e-01
    1.6410117960650832e+00 5.9963074811247814e+01
    -3.8567303870244054e+01 3.2338308606491705e+02
    3.8884429349991777e-02 -6.5431762056025067e-01
    1.4740489476917062e+00 5.5372155410223392e+01
    -6.0547625223827765e+01 2.9906448661181560e+02
    3.3974354824860004e-01 -2.2358217835934549e-01
    1.5402169127473213e+00 5.5092750034898593e+01
    -5.2638669199183965e+01 3.3423659840028608e+02
    3.1065335279494521e-01 -1.3183090359822947e-01
    1.5230475733583746e+00 5.5140008685012482e+01
    -5.6997541047692465e+01 3.4297216054386388e+02
    3.7960426470788355e-01 -2.2276963795669524e-01
    -9.3860667394518621e-02 -7.3082742082551164e+01
    -1.7313185869250283e+01 2.9648007950702731e+02
    2.2238940201699478e-01 -2.0581880265317121e-01
    4.2386910945859468e-01 -4.3737195231613029e+01
    -6.3002506380916259e+01 3.3990314785096228e+02
    2.2404171109909893e-01 -2.1178462593601344e-01
    4.0683393204746338e-01 -4.9825832217582558e+01
    -6.5000937899398025e+01 3.6102940064008624e+02
    2.4584240482315642e-01 -1.4614605966629823e-01
    4.1558421984470639e-01 -4.9670367590317490e+01
    -6.2804186487769634e+01 3.5842576092457335e+02
    2.5044600678723666e-01 -1.4130865045658905e-01
    4.0277873887312132e-01 -4.9270387266769404e+01
    -5.9441812820918294e+01 3.5924956392263789e+02
    2.5120495999917386e-01 -1.3701727350981280e-01
    4.0273129089782028e-01 -4.8815851076146650e+01
    -5.8797989042974812e+01 3.6056277070900188e+02
    2.5318873712131812e-01 -1.4107158533655548e-01
    3.3888610317555229e-01 -5.0910409849883195e+01
    -4.9588939383576268e+01 3.6234721448028603e+02
    3.8240230727122759e-01 -1.3135970261263677e-01
    -4.4868617495448682e-01 -6.0478583670284451e+01
    -1.0435044353199856e+01 3.4103664455138960e+02
    2.9737005898645946e-01 -1.3829566289588840e-01
    -5.5056430145272472e-01 -6.3016711204502947e+01
    -1.3051612820461617e+01 3.4808044125728435e+02
    3.2007692072766725e-01 -8.0745640208800318e-02
    -5.9040938963202760e-01 -5.8569540726768899e+01
    9.3726987188894295e-01 3.5960993921763406e+02 3.1148598722391679e-01
    -7.7922525526103417e-02 -5.9323202651400664e-01
    -5.8368797081802541e+01 2.3968320123877990e-01
    3.6009411665059770e+02</data></extrinsic_parameters>
