<?xml version="1.0"?>
<opencv_storage>
<calibration_time>"Tue Nov 10 22:47:32 2020"</calibration_time>
<nr_of_frames>25</nr_of_frames>
<image_width>352</image_width>
<image_height>288</image_height>
<board_width>7</board_width>
<board_height>7</board_height>
<square_size>7.</square_size>
<fix_aspect_ratio>1.</fix_aspect_ratio>
<!-- flags: +fix_aspectRatio +fix_principal_point +zero_tangent_dist +fix_k4 +fix_k5 -->
<flags>6158</flags>
<fisheye_model>0</fisheye_model>
<camera_matrix type_id="opencv-matrix">
  <rows>3</rows>
  <cols>3</cols>
  <dt>d</dt>
  <data>
    5.7562126743314479e+02 0. 1.7550000000000000e+02 0.
    5.7562126743314479e+02 1.4350000000000000e+02 0. 0. 1.</data></camera_matrix>
<distortion_coefficients type_id="opencv-matrix">
  <rows>5</rows>
  <cols>1</cols>
  <dt>d</dt>
  <data>
    1.7685399833843549e+00 -1.6633577178373522e+00 0. 0.
    -7.9069578584236615e+02</data></distortion_coefficients>
<avg_reprojection_error>1.9640102368054329e+00</avg_reprojection_error>
<per_view_reprojection_errors type_id="opencv-matrix">
  <rows>25</rows>
  <cols>1</cols>
  <dt>f</dt>
  <data>
    7.86118031e-01 6.92812860e-01 7.00935841e-01 6.56362414e-01
    6.58080280e-01 6.62676573e-01 6.59846902e-01 6.79146886e-01
    6.52221203e-01 6.33616686e-01 6.21556282e-01 6.08527362e-01
    6.07622981e-01 5.82729042e-01 5.35284221e-01 5.24755120e-01
    4.84456480e-01 4.67405975e-01 4.16106850e-01 3.91290426e-01
    3.18907928e+00 4.07063293e+00 4.42061329e+00 4.61482573e+00
    4.62948704e+00</data></per_view_reprojection_errors>
<!-- a set of 6-tuples (rotation vector + translation vector) for each view -->
<extrinsic_parameters type_id="opencv-matrix">
  <rows>25</rows>
  <cols>6</cols>
  <dt>d</dt>
  <data>
    -6.6319830008378794e-02 4.1948349965850218e-01
    2.1573876715429520e-02 -1.2159082728416035e+01
    -8.7803769552330220e+00 2.4776546045780702e+02
    -6.2845137425082820e-01 -1.2238633873511658e-01
    -3.0665851846002652e+00 2.3872358187917143e+01
    3.4958459503177124e+01 2.2623423664161396e+02 6.4773911634355508e-01
    1.1753298080214200e-01 3.0602961265010897e+00 2.3972521596243997e+01
    3.5462593987132628e+01 2.2789686157629944e+02
    -6.3216667923515835e-01 -1.2383342542933555e-01
    -3.0776704961248811e+00 2.4152845462632602e+01
    3.6700740155298334e+01 2.2785669179842307e+02 6.2752607005971250e-01
    1.2305229068913025e-01 3.0664744561616084e+00 2.3337936769469316e+01
    3.5195674640778591e+01 2.2586596779292034e+02 6.2936375509066411e-01
    1.1350193009418814e-01 3.0634276571653096e+00 2.3698553067873835e+01
    3.4973407155268518e+01 2.2580714522801526e+02 6.2627134690245112e-01
    1.2259161240457160e-01 3.0638600733880343e+00 2.4301864883033797e+01
    3.4346172950692726e+01 2.2673239410408959e+02 6.3372119235285507e-01
    1.2244904678671420e-01 3.0637159477164562e+00 2.4169370630927403e+01
    3.4334881646337053e+01 2.2649243530847465e+02 6.2376704165621844e-01
    1.2710340555820715e-01 3.0652810753939468e+00 2.4468556319185947e+01
    3.4482569407032862e+01 2.2751358543986009e+02 6.0741969632058579e-01
    1.4741973248848370e-01 3.0694921898038605e+00 2.5095216301924996e+01
    3.4162497857810145e+01 2.3055701089527275e+02 5.9478299788622446e-01
    1.6623565765295159e-01 3.0680337135520572e+00 2.5965874949606665e+01
    3.3228521026366046e+01 2.3250001132292917e+02 5.8950967118348052e-01
    1.8316736213433005e-01 3.0647705668073488e+00 2.6922529208708710e+01
    3.2717013858617783e+01 2.3381865653989820e+02 5.8677800206123576e-01
    1.9393387559481065e-01 3.0673277237955445e+00 2.7359686182163838e+01
    3.2937164831254954e+01 2.3438379296360642e+02 5.6669211260797947e-01
    2.2130264479443629e-01 3.0721094732509031e+00 2.7858043012457614e+01
    3.3307411686147432e+01 2.3623124593523809e+02
    -5.3006640131668126e-01 -2.4936061240370680e-01
    -3.0930373744379063e+00 2.8392819920300834e+01
    3.3999352028455647e+01 2.3942946623655629e+02
    -5.0061648651971979e-01 -2.7727702359011913e-01
    -3.0943120233060286e+00 2.9034552943843931e+01
    3.4037424280073019e+01 2.4172136844238418e+02
    -4.1418135367446274e-01 -3.5680461280611997e-01
    -3.0884375768084857e+00 2.9872083850633228e+01
    3.5316037450762813e+01 2.4593719141239731e+02
    -3.8688557301456200e-01 -3.8791220956634470e-01
    -3.0912259856590780e+00 3.0277959690107078e+01
    3.5007656798704218e+01 2.4708090535876065e+02
    -3.3043075607552319e-01 -4.8840893498380195e-01
    -3.0781975024516455e+00 3.0939108748219489e+01
    3.4311111555469388e+01 2.4875968516671693e+02
    -2.8904341791683363e-01 -5.7135930629051290e-01
    -3.0632706842327568e+00 3.1576469509257652e+01
    3.4409542942562418e+01 2.5025196001048070e+02
    -5.7706003734484912e-01 1.1197781639186277e-01
    3.7322769725977388e-02 -6.8149982761173966e+00
    -1.5328401266064005e+00 2.7886283612322467e+02
    -6.5206858958118408e-01 1.3360590272986231e-01
    3.5034068637142493e-02 -6.0766320458661767e+00
    -9.2207153962236155e-01 2.8077148593953279e+02
    -6.6508434063974298e-01 1.5464065196663407e-01
    2.7518776550346433e-02 -6.3739565128619207e+00
    -1.7850540593378321e+00 2.8008407145376066e+02
    -7.4908089825441393e-01 1.1372355272560701e-01
    5.2657255103060102e-02 -6.1820942366554368e+00
    -9.3133615455799523e-01 2.8185696718284726e+02
    -6.3175384578884464e-01 -5.0142824742535774e-01
    -1.4166446546429936e+00 -1.0261927902255094e+01
    2.9310186356088796e+01 2.5395778025939009e+02</data></extrinsic_parameters>
